$ 65 0.000005 18.278915558614752 58 5 50 5e-11
w 192 624 192 400 3
w 192 400 224 400 0
w 224 400 224 304 3
w 224 304 256 304 0
f 256 496 304 496 32 1.4 0.02
f 256 304 304 304 33 1.2 0.02
w 224 400 224 496 0
w 224 496 256 496 0
w 304 288 304 176 1
w 304 320 304 336 0
r 304 336 304 384 0 1000000
r 304 416 304 464 0 1000000
w 304 464 304 480 1
w 384 400 384 448 3
w 448 400 480 400 0
w 448 320 448 400 1
w 448 288 448 176 1
f 400 304 448 304 33 1.2 0.02
f 400 496 448 496 32 1.4 0.02
w 304 400 368 400 1
w 368 400 368 304 2
w 368 304 400 304 0
w 368 400 368 496 0
w 368 496 400 496 0
w 304 176 448 176 0
w 192 624 368 624 0
r 368 624 432 624 0 1000000
w 432 624 480 624 0
w 480 624 656 624 0
w 656 624 704 624 0
w 480 624 480 592 3
c 480 592 480 544 0 1.0000000000000001e-7 1.3267315605494971 0.001
w 480 544 480 512 3
w 480 400 512 400 0
f 544 496 592 496 32 1.4 0.02
f 544 304 592 304 33 1.2 0.02
r 704 592 704 528 0 10000
w 704 480 704 528 0
d 704 432 704 480 2 default
w 704 432 656 432 0
r 656 528 656 592 0 10000000
w 592 400 592 480 0
w 592 320 592 400 0
w 592 400 656 400 0
w 656 400 656 432 0
w 304 512 304 656 0
w 304 656 448 656 0
w 448 512 448 656 0
w 592 656 448 656 0
f 704 400 752 400 32 2.9 0.02
w 656 400 704 400 2
w 752 416 752 656 0
162 752 304 752 352 2 default-led 1 0 0 0.01
r 752 208 752 272 0 200
w 864 176 752 176 3
w 592 176 448 176 0
w 592 176 592 288 1
w 752 656 864 656 0
w 864 176 864 352 0
w 864 656 864 416 0
v 864 416 864 352 0 0 40 9 0 0 0.5
g 864 656 864 688 0 0
w 752 304 752 272 3
w 304 384 304 400 0
w 304 416 304 400 0
w 704 592 704 624 0
w 512 304 544 304 0
w 512 304 512 400 3
w 512 400 512 496 0
w 512 496 544 496 0
w 656 624 656 592 0
w 656 528 656 432 0
w 752 384 752 352 3
w 752 208 752 176 0
w 592 176 752 176 1
w 592 512 592 656 0
w 592 656 752 656 0
w 480 512 480 400 0
w 384 400 448 400 0
w 384 448 448 448 0
w 448 448 448 480 0
o 53 64 0 4098 5 0.1 0 2 53 3
